179.215 197.089 214.648 204.175
179.215 182.915 214.648 190.002
179.215 168.742 214.648 175.829
129.608 168.742 136.695 204.175
143.782 168.742 150.868 204.175
157.955 168.742 165.042 204.175
31.3328 59.3687 62.8998 65.6821
31.3328 46.7419 62.8998 53.0553
31.3328 34.1151 62.8998 40.4285
100.78 34.1151 107.094 65.6821
88.1533 34.1151 94.4667 65.6821
75.5265 34.1151 81.8399 65.6821
31.3328 100.844 59.4555 106.468
31.3328 89.5948 59.4555 95.2194
31.3328 78.3457 59.4555 83.9703
93.2027 78.3457 98.8273 106.468
81.9536 78.3457 87.5782 106.468
70.7046 78.3457 76.3291 106.468
31.3328 138.107 56.3871 143.118
31.3328 128.085 56.3871 133.096
31.3328 118.064 56.3871 123.075
86.4521 118.064 91.463 143.118
76.4304 118.064 81.4413 143.118
66.4087 118.064 71.4196 143.118
31.3328 170.728 53.6534 175.192
31.3328 161.8 53.6534 166.264
31.3328 152.872 53.6534 157.336
80.4381 152.872 84.9022 175.192
71.5098 152.872 75.9739 175.192
62.5816 152.872 67.0457 175.192
31.3328 200.05 51.218 204.027
31.3328 192.095 51.218 196.073
31.3328 184.141 51.218 188.118
75.0802 184.141 79.0572 204.027
67.1261 184.141 71.1031 204.027
59.1721 184.141 63.1491 204.027
197.274 48.6982 214.991 52.2415
197.274 41.6116 214.991 45.1549
197.274 34.525 214.991 38.0683
172.471 34.525 176.014 52.2415
179.558 34.525 183.101 52.2415
186.644 34.525 190.188 52.2415
199.207 71.8406 214.991 74.9972
199.207 65.5272 214.991 68.6838
199.207 59.2138 214.991 62.3705
177.11 59.2138 180.267 74.9973
183.424 59.2138 186.581 74.9973
189.737 59.2138 192.894 74.9973
200.929 92.6407 214.991 95.4529
200.929 87.0161 214.991 89.8284
200.929 81.3916 214.991 84.2038
181.244 81.3916 184.056 95.4529
186.868 81.3916 189.68 95.4529
192.493 81.3916 195.305 95.4529
202.464 111.022 214.991 113.528
202.464 106.011 214.991 108.517
202.464 101.001 214.991 103.506
184.926 101.001 187.431 113.528
189.937 101.001 192.442 113.528
194.947 101.001 197.453 113.528
203.831 127.333 214.991 129.565
203.831 122.869 214.991 125.101
203.831 118.405 214.991 120.637
188.206 118.405 190.438 129.565
192.67 118.405 194.902 129.565
197.134 118.405 199.366 129.565
205.048 142.243 214.991 144.232
205.048 138.266 214.991 140.255
205.048 134.289 214.991 136.278
191.129 134.289 193.117 144.232
195.106 134.289 197.094 144.232
199.083 134.289 201.071 144.232
119.764 34.2116 165.442 86.7684
110.165 139.631 119.024 141.403
110.165 136.088 119.024 137.859
110.165 132.544 119.024 134.316
129.654 132.544 131.425 141.403
126.11 132.544 127.882 141.403
122.567 132.544 124.339 141.403
148.102 105.201 155.994 106.779
148.102 102.044 155.994 103.623
148.102 98.8876 155.994 100.466
137.054 98.8876 138.632 106.779
140.211 98.8876 141.789 106.779
143.367 98.8876 144.946 106.779
148.963 115.57 155.994 116.976
148.963 112.758 155.994 114.164
148.963 109.945 155.994 111.351
139.12 109.945 140.527 116.976
141.933 109.945 143.339 116.976
144.745 109.945 146.151 116.976
149.731 124.886 155.994 126.138
149.731 122.38 155.994 123.633
149.731 119.875 155.994 121.128
140.962 119.875 142.214 126.138
143.467 119.875 144.72 126.138
145.972 119.875 147.225 126.138
150.414 133.041 155.994 134.157
150.414 130.809 155.994 131.925
150.414 128.577 155.994 129.693
142.602 128.577 143.718 134.157
144.834 128.577 145.95 134.157
147.066 128.577 148.182 134.157
151.023 140.371 155.994 141.366
151.023 138.383 155.994 139.377
151.023 136.394 155.994 137.388
144.063 136.394 145.057 141.366
146.051 136.394 147.046 141.366
148.04 136.394 149.034 141.366
110.08 102.533 114.509 103.419
110.08 100.762 114.509 101.648
110.08 98.9901 114.509 99.8759
119.824 98.9901 120.709 103.419
118.052 98.9901 118.938 103.419
116.28 98.9901 117.166 103.419
110.08 108.319 114.025 109.108
110.08 106.741 114.025 107.53
110.08 105.162 114.025 105.951
118.76 105.162 119.55 109.108
117.182 105.162 117.971 109.108
115.604 105.162 116.393 109.108
110.08 113.519 113.595 114.222
110.08 112.113 113.595 112.816
110.08 110.707 113.595 111.41
117.813 110.707 118.516 114.222
116.407 110.707 117.11 114.222
115.001 110.707 115.704 114.222
110.08 118.114 113.211 118.741
110.08 116.862 113.211 117.488
110.08 115.609 113.211 116.235
116.969 115.609 117.596 118.741
115.717 115.609 116.343 118.741
114.464 115.609 115.09 118.741
110.08 122.192 112.87 122.75
110.08 121.076 112.87 121.634
110.08 119.96 112.87 120.518
116.218 119.96 116.776 122.75
115.102 119.96 115.66 122.75
113.986 119.96 114.544 122.75
110.08 125.92 112.565 126.417
110.08 124.925 112.565 125.423
110.08 123.931 112.565 124.428
115.548 123.931 116.045 126.417
114.554 123.931 115.051 126.417
113.559 123.931 114.057 126.417
122.467 98.9118 133.886 112.051